#TRAITS
159 6 mass maturity longevity generation_time pS pN/pS
Acinonyx_jubatus_E 53500.0 456.0 20.5 2627.4112499999997 0.0004125092284482766 0.4105777400169923
Acomys_cahirinus_E 45.525 74.5 5.166666666666667 621.76625 0.00028337332925532966 0.12379576107899805
Aeorestes_cinereus_E -1 -1 -1 -1 0.013741464952599383 0.18496415014761705
Aepyceros_melampus_E 52500.0 456.0 25.6 3167.6159999999995 0.001816603709494286 0.35517988007994666
Ailuropoda_melanoleuca_E 117500.0 2192.0 36.8 6089.947999999999 0.0018901799050593823 0.39149791756426827
Ailurus_fulgens_E 4325.0 550.0 19.0 2562.5275 0.0011434018119658579 0.4792768959435626
Alouatta_palliata_E 6359.45 1245.6666666666667 27.133333333333333 4119.697166666667 0.0003992579068403048 0.5322141560798548
Ammotragus_lervia_E 92500.0 335.0 21.7 2633.51825 0.0009743856863377685 0.3547248370745837
Anoura_caudifer_E 15.2 -1 10.0 -1 0.001466298707581202 0.2895065151095093
Antidorcas_marsupialis_E 39000.0 213.0 19.8 2310.2655 0.0045679642298079165 0.28436328524366694
Aotus_nancymaae_E 944.25 821.0 29.0 3892.7524999999996 0.0027945511166290286 0.39385548523206754
Aplodontia_rufa_E 1125.0 730.0 -1 -1 0.0011480018170359886 0.40562913907284764
Beatragus_hunteri_E -1 -1 -1 -1 0.00024067562881086095 0.45706521739130435
Bos_mutus_E 748400.0 651.5 24.9 3288.97025 0.0012668489843129368 0.36374184191443076
Callithrix_jacchus_E 295.6 442.25 17.085714285714285 2252.011571428571 0.0012835590894149124 0.41288616754801
Camelus_ferus_E 454500.0 1186.5 31.9 4565.42775 0.0008409996691551515 0.3853066726578297
Capra_aegagrus_E 67281.25 703.0 20.214285714285715 2844.1476785714285 0.0013154100533158272 0.3617404051172708
Capreolus_pygargus_E 30558.35 413.0 17.5 2266.64375 0.0035924106838881695 0.29859713677916405
Castor_canadensis_E 22625.0 639.0 23.4 3117.5865 0.0009522271715082023 0.4515727540167459
Cavia_tschudii_E 568.8333333333334 67.33333333333333 8.1 925.3055833333333 0.00044738061290557437 0.39749262536873153
Cebus_imitator_E 2579.375 1677.0 46.85 6639.4691250000005 0.0006352153101861159 0.5643939393939394
Cephalophus_harveyi_E 22935.04 516.25 17.35 2354.0053749999997 0.003039697176568884 0.39089080700578227
Cercocebus_atys_E 8986.666666666666 1620.0 38.5 5698.01625 0.0018416514496446645 0.5364035535586643
Cervus_hanglu_E 120937.5 685.5714285714286 23.7625 3202.554834821428 0.0014730862474492512 0.3731791464349604
Cheirogaleus_medius_E 387.5 365.0 18.3 2303.3817499999996 0.06669095399565118 0.193008335438242
Chlorocebus_sabaeus_E 5620.0 1034.0 30.8 4296.4130000000005 0.0011017148585417437 0.4232689747003994
Choloepus_hoffmanni_E 6250.0 1004.5 36.9 4913.04025 0.0010825128256080805 0.44101186478620996
Colobus_angolensis_E 9366.666666666666 1551.5 34.733333333333334 5230.541499999999 0.0010380875650411866 0.4809753483386923
Condylura_cristata_E 55.3 304.0 2.5 568.80625 0.001553406122194316 0.2913705583756345
Connochaetes_taurinus_E 148375.0 587.0 23.05 3028.513625 0.002532944341699095 0.3061889250814332
Cricetomys_gambianus_E 1400.0 158.0 7.9 994.78775 0.0010785947400773419 0.2922397864914802
Crocuta_crocuta_E 63000.0 1095.0 41.1 5448.41475 0.0010838781904499164 0.43457943925233644
Cryptoprocta_ferox_E 9500.0 1496.0 23.1 3942.80975 0.0008140834408621388 0.2939737316507855
Ctenodactylus_gundi_E 288.8 319.0 5.8 933.3504999999999 0.001043039262041569 0.3490895714548464
Cynomys_gunnisoni_E 1012.5 547.5 11.0 1712.6474999999998 0.00037364698847797427 0.5289298515104967
Damaliscus_lunatus_E 117833.33333333333 673.0 23.3 3140.99425 0.0019419643037138364 0.34620575106405066
Dasyprocta_punctata_E 2830.714285714286 340.0 14.8125 1908.97703125 0.0031130633753756022 0.28472717546362336
Daubentonia_madagascariensis_E 2277.5 882.0 23.3 3349.99425 0.00041815394014192925 0.47173531989482914
Delphinapterus_leucas_E 1430000.0 1644.0 40.0 5880.9 0.0005612441068639132 0.4510140405616224
Desmodus_rotundus_E 33.2 285.0 29.2 3377.9369999999994 0.004060268549275078 0.2975417032484636
Dicerorhinus_sumatrensis_E 1260000.0 2738.0 32.8 6212.258 0.0007956887559499674 0.4382190520018408
Diceros_bicornis_E 1100000.0 1826.0 49.0 7016.202499999999 0.0009255236238546209 0.47325922818791943
Dinomys_branickii_E 12250.0 -1 12.8 -1 0.00031107086367767315 0.5516028146989836
Dipodomys_ordii_E 74.5 83.66666666666667 9.84 1125.9440666666667 0.0004989262122878071 0.36977687626774847
Enhydra_lutris_E 25850.0 974.0 27.0 3833.9075 0.00025119670731168944 0.5279329608938547
Eschrichtius_robustus_E 28500000.0 2922.0 77.0 11078.0325 0.0003713224361770695 0.5067394094993581
Eubalaena_japonica_E 34000000.0 3102.5 68.5 10358.19125 0.0009493126567351898 0.4373918061165609
Eudorcas_thomsonii_E -1 -1 -1 -1 0.0047798064151639225 0.3671332586786114
Eumetopias_jubatus_E 415000.0 1780.0 32.8 5254.258 0.00032389862898337475 0.4269230769230769
Fukomys_damarensis_E -1 -1 -1 -1 0.0005759447156823311 0.5728121757177447
Galeopterus_variegatus_E -1 -1 -1 -1 0.0021288068577927912 0.3321891685736079
Giraffa_tippelskirchi_E 800000.0 1278.0 39.5 5461.938749999999 0.0005873045808998786 0.45508982035928147
Globicephala_melas_E 1630000.0 2970.0 61.5 9484.23375 0.0004779837381685139 0.4838954149298977
Gorilla_gorilla_E 139842.0 2829.0 55.4 8697.106499999998 0.00128774295359173 0.47692538207971236
Halichoerus_grypus_E 268000.0 1460.0 42.9 6004.07525 0.0011730912102797342 0.4094418052256532
Helogale_parvula_E 274.8 456.0 18.0 2362.6049999999996 0.0006332926180316829 0.3519793459552496
Hemitragus_hylocrius_E 44400.0 608.0 19.55 2678.784875 0.0001680479320646054 0.49927219796215433
Heterocephalus_glaber_E 35.0 228.0 28.3 3225.60675 0.0005399285695876545 0.6650602409638554
Heterohyrax_brucei_E 2456.7 494.0 -1 -1 0.0027071176140642645 0.2915370539798719
Hippopotamus_amphibius_E 3750000.0 1279.0 61.2 7761.456999999999 0.003976242348470313 0.3825274832182119
Hipposideros_armiger_E 7.0 -1 13.0 -1 0.0015560237334635337 0.3664383561643836
Hippotragus_niger_E 225000.0 749.0 24.049999999999997 3296.4361249999997 0.0013915712382840918 0.3540249433106576
Homo_sapiens_E 62035.0 4745.0 122.5 17720.50625 -1 -1
Hydrochoerus_hydrochaeris_E -1 -1 -1 -1 0.0006156458383712211 0.4192946761614106
Hydropotes_inermis_E 11500.0 183.0 13.9 1655.32275 0.0024201296799260534 0.39940661203729866
Hylobates_moloch_E 6697.0 2595.25 45.62 7427.434449999999 0.0014158404712746818 0.4958661154820643
Hystrix_cristata_E 14948.0 375.0 26.375 3168.7059375 0.0027368561313427086 0.33545733911785974
Ictidomys_tridecemlineatus_E -1 -1 -1 -1 0.0021292809464052566 0.42681521321552063
Lagenorhynchus_obliquidens_E 155500.0 3031.5 36.5 6897.671249999999 0.0007196053646576979 0.42531427162928276
Lemur_catta_E 2555.0 595.0 37.3 4545.909249999999 0.0028357753409226963 0.32499643213928925
Litocranius_walleri_E 43500.0 359.0 17.3 2191.45925 0.002854315360774414 0.30322073841319713
Lontra_canadensis_E 8250.0 730.0 27.0 3589.9075 0.0007296313433970198 0.3655411877394636
Loxodonta_africana_E 4800000.0 4018.0 65.0 10902.9625 0.0009022736151348298 0.5636884072786752
Lutra_lutra_E 6750.0 548.0 18.2 2475.7895 0.00047144000296247786 0.44976076555023925
Lycaon_pictus_E 26500.0 639.0 17.0 2439.6825 0.0008926719107614578 0.637035010940919
Macaca_nemestrina_E 7958.833333333333 1378.2727272727273 33.03333333333333 4877.245977272727 0.002247873358778353 0.36971830985915494
Macroglossus_sobrinus_E -1 -1 -1 -1 0.0018703181905629022 0.3329466357308585
Mandrillus_leucophaeus_E 20625.0 1231.5 39.5 5415.438749999999 0.0013498287199158387 0.410067483817656
Manis_javanica_E 7682.35 -1 -1 -1 0.0016049211405089296 0.3970086591445815
Marmota_himalayana_E 4898.883333333333 866.1666666666666 15.36 2493.1362666666664 0.0005628326550659107 0.5704032809295967
Martes_zibellina_E 1660.8142857142857 438.0 17.15 2254.5708749999994 0.001629829435373751 0.32498080929926526
Mastomys_coucha_E 37.8 137.0 -1 -1 0.0005917134550711826 0.8971509079524107
Megaderma_lyra_E 38.6 540.0 14.0 2022.915 0.0009286069860328168 0.31793827689669957
Mellivora_capensis_E 10000.0 -1 31.3 -1 0.0017827236014566722 0.2999106459024764
Meriones_unguiculatus_E 96.6 74.25 6.1 720.37725 0.00028381326636151667 0.3263888888888889
Micronycteris_hirsuta_E -1 -1 -1 -1 0.0033560269661211954 0.2627850970392407
Microtus_agrestis_E 38.93636363636364 54.25 4.52 533.0197 0.004447428100247706 0.32162406695317797
Miniopterus_natalensis_E 13.0 577.0 22.0 2907.2949999999996 0.0008518611012520586 0.3363823462154128
Mirounga_leonina_E 1500000.0 1077.0 -1 -1 0.0013475115433294383 0.347510649627263
Mirza_zaza_E -1 -1 -1 -1 0.0011751980152211298 0.33117767188563646
Monodon_monoceros_E 1250000.0 2191.0 50.0 7487.125 0.000365925445615876 0.5311653116531165
Mormoops_blainvillei_E -1 -1 -1 -1 0.0026746009603353066 0.2608228431071538
Moschus_berezovskii_E 11000.0 550.6666666666666 -1 -1 0.007255321573313946 0.3506774475524475
Mungos_mungo_E 1331.5 289.0 17.4 2132.0514999999996 0.0014761109124806554 0.33455732354141166
Muntiacus_reevesi_E 20333.333333333332 273.0 21.0 2497.3725 0.001100222431222123 0.38251412913170063
Muscardinus_avellanarius_E 27.3 335.0 5.3 896.38925 8.3147545691855e-05 0.4597315436241611
Mustela_putorius_E 580.35 242.28571428571428 9.65 1264.4378392857143 0.0026717204255276295 1.1581076875194523
Myodes_glareolus_E -1 -1 -1 -1 0.001789554528022207 0.37195660401160596
Nannospalax_galili_E 160.0 -1 15.0 -1 0.0009465366613099904 0.4526251025430681
Neomonachus_schauinslandi_E -1 -1 -1 -1 0.005298653381722593 1.1234705228031145
Neophocaena_asiaeorientalis_E 32500.0 2190.0 33.0 5685.442499999999 0.0010823636168740295 0.4257230874550744
Neotragus_pygmaeus_E 4375.0 183.0 12.3 1485.84675 0.0034794847071083347 0.3582567386140659
Neovison_vison_E 925.0 334.0 11.4 1541.5165 0.0015901476285205738 0.4324074074074074
Noctilio_leporinus_E 69.0 -1 11.8 -1 0.0001833626469269264 0.3342760180995475
Ochotona_princeps_E 163.83333333333334 247.66666666666666 8.2 1116.2311666666665 0.0015411753641620548 0.37838841440772375
Odobenus_rosmarus_E 1012500.0 1745.0 -1 -1 0.0006402177653051633 0.4268258816995279
Odocoileus_virginianus_E 72000.0 393.5 21.8 2702.6105 0.003740438987812786 0.2920322014655795
Okapia_johnstoni_E 225000.0 578.0 33.5 4126.4037499999995 0.0011184683064409387 0.423572744014733
Ondatra_zibethicus_E 1362.0 285.0 -1 -1 0.0009102631142598563 0.3078460769615192
Orcinus_orca_E 3987500.0 3780.0 90.0 13313.025 0.00039479602917466083 0.589084348218313
Oreotragus_oreotragus_E 12000.0 365.0 25.9 3108.39275 0.004046056887205283 0.36172648057893964
Ovis_aries_E 94675.0 585.5 19.36 2636.1596 0.0023863319492323527 0.3009480414492541
Pan_troglodytes_E 42454.25 3285.0 57.2 9343.767 0.0009955670439181095 0.6416488603988604
Panthera_tigris_E 107400.0 1007.5 27.15 3883.295875 0.0006716683922737346 0.803174132304954
Papio_anubis_E 18000.0 1514.0 37.5 5486.09375 0.001823968132657546 0.6305857957490928
Paradoxurus_hermaphroditus_E 3100.0 341.0 24.5 2936.1012499999997 0.0022726971703742427 0.287540112869315
Peromyscus_maniculatus_E 25.75 63.57142857142857 6.675000000000001 770.6041160714286 0.002109915100948114 0.23877232529911568
Phocoena_phocoena_E 52500.0 1055.0 20.4 3215.8189999999995 0.0011217387657524644 0.37838948233360725
Phyllostomus_discolor_E 62.2 -1 13.5 -1 0.0061207054573953045 0.25976049367629983
Physeter_catodon_E 42500000.0 2922.0 77.0 11078.0325 0.0019486084298264998 0.7343820733363513
Pithecia_pithecia_E 1415.0 775.0 30.5 4005.6362499999996 0.000916069678052647 0.41109320440504965
Pongo_abelii_E 64475.0 2555.0 59.0 8804.4275 0.0015570294087937956 0.4254004576659039
Procavia_capensis_E 3600.0 500.0 14.8 2067.653 0.003474936672597095 0.27690786660966227
Prolemur_simus_E -1 -1 -1 -1 0.0020694665540659206 0.279970506592644
Przewalskium_albirostris_E -1 -1 -1 -1 0.009471538981238817 0.3018913823511525
Psammomys_obesus_E 212.0 100.0 3.2 438.95199999999994 0.0008391768485769303 0.8050089445438283
Pteronura_brasiliensis_E 24000.0 730.0 17.3 2562.45925 0.0005518739199927308 0.3479874951152794
Pteropus_alecto_E 564.4142857142857 481.6666666666667 21.615384615384617 2771.2222435897434 0.004491785702057366 0.287913811607364
Pygathrix_nemaeus_E 11476.666666666666 1460.0 27.75 4399.349375 0.0008977185289874669 0.4010912143256855
Rangifer_tarandus_E 101250.0 662.0 21.7 2960.51825 0.0015645660302227706 0.32573360184119676
Redunca_redunca_E 44500.0 445.0 15.9 2129.16775 0.0018091011534990251 0.3427811550151976
Rhinolophus_ferrumequinum_E 12.425 653.3333333333334 25.85 3391.429958333333 0.0012968282333978673 0.2926695842450766
Rhinopithecus_roxellana_E -1 -1 -1 -1 0.00039697564123079273 0.49211136890951274
Rhizomys_pruinosus_E 3000.0 -1 -1 -1 0.003038327531707918 0.437393021724819
Rousettus_aegyptiacus_E 112.08333333333333 257.5 18.53333333333333 2220.5969999999998 0.0054098502373452735 0.27803037791176566
Saguinus_imperator_E 502.34000000000003 590.2857142857143 21.12 2827.3689142857143 0.0011937359584207874 0.3962547566593231
Saimiri_boliviensis_E 776.1666666666666 1003.0 30.25 4207.155624999999 0.0007145139155890092 0.4653767820773931
Sapajus_apella_E -1 -1 -1 -1 0.0009337354608827269 0.4558739255014327
Scalopus_aquaticus_E 90.0 335.0 -1 -1 0.0003303035875209527 0.3671497584541063
Sigmodon_hispidus_E 185.0 40.0 5.2 590.7969999999999 1.880950886357053e-05 0.7142857142857142
Solenodon_paradoxus_E 1000.0 -1 12.1 -1 0.0006579491259729038 0.42121848739495804
Sousa_chinensis_E 280000.0 -1 -1 -1 0.0002848599325770469 0.6073264781491002
Spermophilus_dauricus_E 270.55454545454546 374.0 8.225 1245.2125624999999 0.0015070463772435786 0.5414504138027774
Suricata_suricatta_E 776.0 365.0 20.6 2547.0035 0.003865199127848734 0.3331272588929047
Syncerus_caffer_E 700000.0 1475.0 29.8 4631.4905 0.005654076603522703 0.3330433640810163
Tapirus_terrestris_E 237237.5 1095.0 33.15 4606.330875 0.002039480326463237 0.3573991978045176
Theropithecus_gelada_E 16200.0 1391.0 36.0 5204.209999999999 0.0005207680704871713 0.48626187245590236
Tonatia_saurophila_E -1 -1 -1 -1 0.0021711533238585375 0.29372304743651173
Trachypithecus_francoisi_E 8452.725 1415.0 29.15 4502.640875 0.0009045046440907543 0.5047619047619047
Tragelaphus_strepsiceros_E 145833.33333333334 529.3333333333334 20.266666666666666 2676.0293333333334 0.0019429338051270592 0.3762566712175748
Tragulus_javanicus_E 5175.0 152.0 15.35 1777.9103749999997 0.003482471010890442 0.31209319144539727
Trichechus_manatus_E 401000.0 1187.0 48.0 6271.28 0.0006893953308293505 0.45264404104183115
Tursiops_truncatus_E 200000.0 2831.0 51.6 8296.600999999999 0.0008459411424514698 0.4420841259775946
Urocitellus_parryii_E -1 -1 -1 -1 0.0013184330082574535 0.673793303377301
Ursus_thibetanus_E 252625.0 1355.0 39.25 5512.458125 0.0019939626550595693 0.3243893742200036
Vicugna_pacos_E 50000.0 730.0 31.6 4077.151 0.002954565608699079 0.3679475037207414
Vulpes_vulpes_E 2827.8818181818183 332.7142857142857 16.1125 2039.3905669642857 0.0010064209128102387 0.32608289768483945
Xerus_inauris_E 594.0 365.0 10.9 1519.55525 0.0008531153116826576 0.3115228720324262
Zalophus_californianus_E 180000.0 1095.0 35.7 4876.43325 0.0005725390114100742 0.42581143740340033
