#TRAITS
180 8 mass maturity longevity generation_time pS pN/pS gc3 Hzoo
Acinonyx_jubatus 53500.0 456.0 20.5 2627.4112499999997 -1 -1 0.43339089675589 -1
Acomys_cahirinus 45.525 74.5 5.166666666666667 621.76625 0.00011959901370052218 0.14304461942257218 0.4354878500061675 0.0002
Ailuropoda_melanoleuca 117500.0 2192.0 36.8 6089.947999999999 -1 -1 0.541404547510382 -1
Ailurus_fulgens 4325.0 550.0 19.0 2562.5275 -1 -1 0.5436762468648493 -1
Alouatta_palliata 6359.45 1245.6666666666667 27.133333333333333 4119.697166666667 0.00034990135661842095 0.4203152364273205 0.39714649891040665 0.0010
Ammotragus_lervia 92500.0 335.0 21.7 2633.51825 -1 -1 0.551128654249414 -1
Anoura_caudifer 15.2 -1 10.0 -1 0.0015035271734430403 0.2898110106820049 0.5355042966983266 0.0022
Antilocapra_americana 46100.0 547.0 15.5 2188.79875 0.000827639453857079 0.3328080680743775 0.5073598947411702 0.0015
Aotus_nancymaae 944.25 821.0 29.0 3892.7524999999996 -1 -1 0.519777147321245 -1
Aplodontia_rufa 1125.0 730.0 -1 -1 0.0011816485445913282 0.4096481876332623 0.4080835491961679 0.0029
Ateles_geoffroyi 6948.333333333333 1579.25 43.81666666666666 6220.420874999999 0.040100189810620766 0.19087533711348678 0.3885839398051067 0.0038
Balaenoptera_acutorostrata 49900000.0 2804.8 84.0 11702.29 -1 -1 0.5390197771473213 -1
Beatragus_hunteri -1 -1 -1 -1 0.0002495106137647069 0.4290617848970252 0.4860203116648164 0.0005
Bison_bison 620000.0 821.0 29.95 3993.3788749999994 -1 -1 -1 -1
Bos_mutus 748400.0 651.5 24.9 3288.97025 -1 -1 0.5332531557090581 -1
Bos_taurus 748400.0 651.5 24.9 3288.97025 -1 -1 -1 -1
Bubalus_bubalis 317500.0 616.0 33.4 4153.8115 -1 -1 0.5548497183503968 -1
Callithrix_jacchus 295.6 442.25 17.085714285714285 2252.011571428571 -1 -1 0.4954668804736647 -1
Camelus_bactrianus 454500.0 1186.5 31.9 4565.42775 -1 -1 -1 -1
Camelus_dromedarius 454500.0 1186.5 31.9 4565.42775 -1 -1 -1 -1
Camelus_ferus 454500.0 1186.5 31.9 4565.42775 -1 -1 0.5033612927100037 -1
Canis_lupus_familiaris 18562.5 395.0 19.266666666666666 2435.7735 -1 -1 0.5056741087948686 -1
Capra_aegagrus 67281.25 703.0 20.214285714285715 2844.1476785714285 -1 -1 0.4756486164220221 -1
Capra_hircus 67281.25 703.0 20.214285714285715 2844.1476785714285 -1 -1 -1 -1
Castor_canadensis 22625.0 639.0 23.4 3117.5865 0.000828250418328403 0.35167378917378916 0.4490872085851733 0.0016
Catagonus_wagneri 34750.0 1096.0 -1 -1 0.04706432764006345 0.19856686220099054 0.5000205583651988 0.0041
Cavia_porcellus 568.8333333333334 67.33333333333333 8.1 925.3055833333333 -1 -1 -1 -1
Cavia_tschudii 568.8333333333334 67.33333333333333 8.1 925.3055833333333 0.00046763535365284653 0.407636159460977 0.48520825623946384 0.0015
Cebus_capucinus 2579.375 1677.0 46.85 6639.4691250000005 -1 -1 0.4953435302824719 -1
Ceratotherium_simum 2175000.0 1643.0 45.0 6409.5125 -1 -1 0.5521976892397517 -1
Cercocebus_atys 8986.666666666666 1620.0 38.5 5698.01625 -1 -1 0.526438057645656 -1
Cheirogaleus_medius 387.5 365.0 18.3 2303.3817499999996 0.03291283910246757 0.19095766845601395 0.48184696352946016 0.0024
Chinchilla_lanigera 642.5 240.0 17.2 2061.867 -1 -1 0.5340960486822088 -1
Chlorocebus_sabaeus 5620.0 1034.0 30.8 4296.4130000000005 -1 -1 0.506044159368447 -1
Choloepus_hoffmanni 6250.0 1004.5 36.9 4913.04025 -1 -1 0.49474733769170676 -1
Colobus_angolensis 9366.666666666666 1551.5 34.733333333333334 5230.541499999999 -1 -1 0.5082953003577155 -1
Condylura_cristata 55.3 304.0 2.5 568.80625 -1 -1 0.5143189013609638 -1
Cricetomys_gambianus 1400.0 158.0 7.9 994.78775 0.0011163009234054022 0.2982581722739204 0.5015521565725094 0.0022
Cricetulus_griseus -1 -1 5.3 -1 -1 -1 0.518286665844332 -1
Cryptoprocta_ferox 9500.0 1496.0 23.1 3942.80975 0.0008065937242602801 0.29487572875115065 0.5021072324328769 0.0015
Ctenodactylus_gundi 288.8 319.0 5.8 933.3504999999999 0.0011164713856125644 0.3461622328826865 0.5426174910571111 0.0023
Dasyprocta_punctata 2830.714285714286 340.0 14.8125 1908.97703125 0.003160693189435175 0.2780862016755829 0.39703342790181323 0.0050
Dasypus_novemcinctus 3487.5 319.5 19.55 2390.284875 -1 -1 0.4787734879322396 -1
Daubentonia_madagascariensis 2277.5 882.0 23.3 3349.99425 0.000424487722073708 0.4687159956474428 0.520599481929197 0.0007
Delphinapterus_leucas 1430000.0 1644.0 40.0 5880.9 -1 -1 0.5308889437111961 -1
Desmodus_rotundus 33.2 285.0 29.2 3377.9369999999994 -1 -1 0.5507894412236339 -1
Dicerorhinus_sumatrensis 1260000.0 2738.0 32.8 6212.258 -1 -1 0.5202808272686156 -1
Diceros_bicornis 1100000.0 1826.0 49.0 7016.202499999999 0.0009357122674540026 0.41807986870897157 0.5056843879774681 0.0019
Dinomys_branickii 12250.0 -1 12.8 -1 0.0002912872116662316 0.5127478753541077 0.5000205583651988 0.0006
Dipodomys_ordii 74.5 83.66666666666667 9.84 1125.9440666666667 -1 -1 0.5046564697175281 -1
Dolichotis_patagonum 12500.0 158.0 14.4 1683.284 0.0018566716502840905 0.3251025430680886 0.438715513342379 0.0041
Echinops_telfairi 180.0 365.0 19.0 2377.5275 -1 -1 0.5422166029357346 -1
Elaphurus_davidianus 186500.0 821.0 27.5 3733.8687499999996 -1 -1 0.5655811849841701 -1
Elephantulus_edwardii 50.46 192.5 8.133333333333333 1054.003 -1 -1 0.5111734714855475 -1
Ellobius_lutescens -1 -1 -1 -1 -1 -1 0.4320854405657662 -1
Enhydra_lutris 25850.0 974.0 27.0 3833.9075 -1 -1 0.5564429916533037 -1
Eptesicus_fuscus 18.066666666666666 547.0 17.833333333333332 2435.95125 -1 -1 0.5616750955963982 -1
Equus_asinus 262499.75 994.3333333333334 36.7625 4888.309239583334 -1 -1 0.552156572509354 -1
Equus_caballus 262499.75 994.3333333333334 36.7625 4888.309239583334 -1 -1 -1 -1
Equus_przewalskii 262499.75 994.3333333333334 36.7625 4888.309239583334 -1 -1 -1 -1
Erinaceus_europaeus 734.5 233.0 8.9 1175.7102499999999 -1 -1 0.521987171580116 -1
Eschrichtius_robustus 28500000.0 2922.0 77.0 11078.0325 0.00036573319159044764 0.49632623071271126 0.4559331441963735 0.0008
Eubalaena_japonica 34000000.0 3102.5 68.5 10358.19125 0.0009242979642997116 0.43436166721365277 0.4035195921220345 0.0019
Eulemur_flavifrons 2395.06 640.0 30.98 3921.47905 -1 -1 0.5298815838164549 -1
Felis_catus 4629.166666666667 335.3333333333333 19.066666666666666 2354.9223333333334 -1 -1 0.526643641297644 -1
Fukomys_damarensis -1 -1 -1 -1 -1 -1 0.5208975782245796 -1
Galeopterus_variegatus -1 -1 -1 -1 0.0020735223020036885 0.32440990213010945 0.4192159039513178 0.0045
Giraffa_tippelskirchi 800000.0 1278.0 39.5 5461.938749999999 -1 -1 0.5112865424941408 -1
Gorilla_gorilla 139842.0 2829.0 55.4 8697.106499999998 -1 -1 0.4961761440730233 -1
Helogale_parvula 274.8 456.0 18.0 2362.6049999999996 0.0006625053158839255 0.3370917573872473 0.4925064758850376 0.0012
Hemitragus_hylocrius 44400.0 608.0 19.55 2678.784875 0.0001813882663147392 0.4552906110283159 0.4929998766498088 0.0004
Heterocephalus_glaber 35.0 228.0 28.3 3225.60675 -1 -1 0.5343530282471938 -1
Heterohyrax_brucei 2456.7 494.0 -1 -1 0.002731927586204942 0.2950513538748833 0.4735002672587476 0.0047
Hippopotamus_amphibius 3750000.0 1279.0 61.2 7761.456999999999 0.0005597476577334518 0.3680781758957654 0.5028884503104313 0.0033
Hipposideros_armiger 7.0 -1 13.0 -1 -1 -1 0.5179577320011512 -1
Homo_sapiens 62035.0 4745.0 122.5 17720.50625 -1 -1 0.4918280498334772 -1
Hyaena_hyaena 41125.0 900.0 28.45 3913.4951249999995 0.0006111206515171702 0.3526082677165354 0.4203054973068542 0.0011
Hydrochoerus_hydrochaeris -1 -1 -1 -1 0.0006124002159292629 0.41990192071924803 0.5118518975371078 0.0012
Hystrix_cristata 14948.0 375.0 26.375 3168.7059375 0.002639349322322082 0.3344933038068122 0.47457958143168455 0.0043
Ictidomys_tridecemlineatus -1 -1 -1 -1 -1 -1 0.49953743678302703 -1
Jaculus_jaculus 94.5 327.0 6.4 1004.9039999999999 -1 -1 0.5292031577648946 -1
Lemur_catta 2555.0 595.0 37.3 4545.909249999999 0.001845442165902688 0.31603074019145205 0.5176699148883681 0.0034
Leptonychotes_weddellii 425000.0 1365.0 -1 -1 -1 -1 0.47095102997409644 -1
Lipotes_vexillifer 83500.0 2920.0 24.0 5462.139999999999 -1 -1 0.5387422392171375 -1
Loxodonta_africana 4800000.0 4018.0 65.0 10902.9625 -1 -1 0.5119444101805024 -1
Macaca_fascicularis 7958.833333333333 1378.2727272727273 33.03333333333333 4877.245977272727 -1 -1 0.4994654825048312 -1
Macaca_mulatta 7958.833333333333 1378.2727272727273 33.03333333333333 4877.245977272727 -1 -1 -1 -1
Macaca_nemestrina 7958.833333333333 1378.2727272727273 33.03333333333333 4877.245977272727 -1 -1 -1 -1
Macroglossus_sobrinus -1 -1 -1 -1 0.00196344680194477 0.3299734427812651 0.5325644504748982 0.0026
Mandrillus_leucophaeus 20625.0 1231.5 39.5 5415.438749999999 -1 -1 0.5048928909173143 -1
Manis_javanica 7682.35 -1 -1 -1 -1 -1 0.48470457629209324 -1
Marmota_marmota 4898.883333333333 866.1666666666666 15.36 2493.1362666666664 -1 -1 0.4970293162287735 -1
Megaderma_lyra 38.6 540.0 14.0 2022.915 0.0009590952272974618 0.3128842213114754 0.5089428888614778 0.0024
Mellivora_capensis 10000.0 -1 31.3 -1 0.0018236759168545427 0.29905854663136217 0.5025081205542535 0.0034
Meriones_unguiculatus 96.6 74.25 6.1 720.37725 0.0002879524202312281 0.3175021987686895 0.5093232186176555 0.0008
Mesocricetus_auratus 139.5 44.5 4.15 484.078375 -1 -1 0.49034784753916366 -1
Microcebus_murinus 143.83333333333331 277.5 17.799999999999997 2162.9204999999993 -1 -1 0.5277949097487767 -1
Micronycteris_hirsuta -1 -1 -1 -1 0.003401930902054934 0.26213948183151375 0.4929690391020106 0.0046
Microtus_ochrogaster 38.93636363636364 54.25 4.52 533.0197 -1 -1 0.5373751079314173 -1
Miniopterus_natalensis 13.0 577.0 22.0 2907.2949999999996 -1 -1 -1 -1
Miniopterus_schreibersii 13.0 577.0 22.0 2907.2949999999996 0.0004734257618489031 0.35804503020318507 0.491540232720694 0.0009
Mirounga_angustirostris 1500000.0 1077.0 -1 -1 0.00034160411350762075 0.2917391304347826 0.4458184285185642 0.0004
Monodon_monoceros 1250000.0 2191.0 50.0 7487.125 0.0007902902756033047 0.2957772115034583 0.4469285802392994 0.0010
Mormoops_blainvillei -1 -1 -1 -1 -1 -1 0.5042144648657538 -1
Moschus_moschiferus 11000.0 550.6666666666666 -1 -1 0.0008905704846798566 0.3847366761274046 0.4829879527979935 0.0017
Mungos_mungo 1331.5 289.0 17.4 2132.0514999999996 0.0015089423007710655 0.3303185529053946 0.5468936310184614 0.0025
Mus_caroli 12.52 51.0 3.933333333333333 467.6284999999999 -1 -1 -1 -1
Mus_musculus 12.52 51.0 3.933333333333333 467.6284999999999 -1 -1 0.5071543110891822 -1
Mus_pahari 12.52 51.0 3.933333333333333 467.6284999999999 -1 -1 -1 -1
Mus_spretus 12.52 51.0 3.933333333333333 467.6284999999999 -1 -1 -1 -1
Muscardinus_avellanarius 27.3 335.0 5.3 896.38925 7.864235391786376e-05 0.45362903225806456 0.44791538176884177 0.0004
Mustela_putorius 580.35 242.28571428571428 9.65 1264.4378392857143 -1 -1 0.5533900744212821 -1
Myotis_brandtii 10.583333333333334 370.44444444444446 20.52857142857143 2544.8820515873012 -1 -1 -1 -1
Myotis_davidii 10.583333333333334 370.44444444444446 20.52857142857143 2544.8820515873012 -1 -1 -1 -1
Myotis_lucifugus 10.583333333333334 370.44444444444446 20.52857142857143 2544.8820515873012 -1 -1 0.48747995559393115 -1
Nannospalax_galili 160.0 -1 15.0 -1 -1 -1 0.506712306237408 -1
Neomonachus_schauinslandi -1 -1 -1 -1 -1 -1 0.5348772665597632 -1
Neophocaena_asiaeorientalis 32500.0 2190.0 33.0 5685.442499999999 -1 -1 0.5475823362526212 -1
Noctilio_leporinus 69.0 -1 11.8 -1 0.00017998842209307323 0.32022471910112354 0.5118621767197072 0.0004
Nomascus_leucogenys -1 -1 -1 -1 -1 -1 0.45396982031988814 -1
Ochotona_princeps 163.83333333333334 247.66666666666666 8.2 1116.2311666666665 -1 -1 0.5480962953825912 -1
Octodon_degus 235.0 182.0 14.0 1664.915 -1 -1 0.5072365445499774 -1
Odobenus_rosmarus 1012500.0 1745.0 -1 -1 -1 -1 0.5435117799432589 -1
Odocoileus_virginianus 72000.0 393.5 21.8 2702.6105 -1 -1 0.5529891862999055 -1
Okapia_johnstoni 225000.0 578.0 33.5 4126.4037499999995 -1 -1 0.4831421405369845 -1
Ondatra_zibethicus 1362.0 285.0 -1 -1 0.0009485859369490091 0.29911352587932516 0.45846182311582584 0.0019
Orcinus_orca 3987500.0 3780.0 90.0 13313.025 -1 -1 0.5450947740635664 -1
Oryctolagus_cuniculus 1800.0 730.0 9.0 1683.3024999999998 -1 -1 0.5142263887175692 -1
Otolemur_garnettii 1197.25 547.5 20.5 2718.9112499999997 -1 -1 0.5105258829817853 -1
Ovis_aries 94675.0 585.5 19.36 2636.1596 -1 -1 -1 -1
Ovis_canadensis 94675.0 585.5 19.36 2636.1596 0.0004926237542839578 0.4116647791619479 0.4757822457958143 0.0008
Pan_paniscus 42454.25 3285.0 57.2 9343.767 -1 -1 0.4993524114962378 -1
Pan_troglodytes 42454.25 3285.0 57.2 9343.767 -1 -1 -1 -1
Panthera_onca 107400.0 1007.5 27.15 3883.295875 0.0003891339637249909 0.37939352170916607 0.4761831339171909 0.0009
Panthera_pardus 107400.0 1007.5 27.15 3883.295875 -1 -1 -1 -1
Panthera_tigris 107400.0 1007.5 27.15 3883.295875 -1 -1 -1 -1
Pantholops_hodgsonii -1 -1 -1 -1 -1 -1 0.5060647177336458 -1
Papio_anubis 18000.0 1514.0 37.5 5486.09375 -1 -1 0.5118518975371078 -1
Paradoxurus_hermaphroditus 3100.0 341.0 24.5 2936.1012499999997 0.002344381686939346 0.2868678017025538 0.44662020476131736 0.0042
Peromyscus_maniculatus 25.75 63.57142857142857 6.675000000000001 770.6041160714286 -1 -1 0.5553328399325685 -1
Phocoena_phocoena 52500.0 1055.0 20.4 3215.8189999999995 0.0010630378887861113 0.3830097087378641 0.4952099009086797 0.0020
Piliocolobus_tephrosceles -1 -1 -1 -1 -1 -1 0.48868261995806095 -1
Pithecia_pithecia 1415.0 775.0 30.5 4005.6362499999996 0.0009195300936106751 0.40455235204855844 0.4281485136301961 0.0018
Pongo_abelii 64475.0 2555.0 59.0 8804.4275 -1 -1 0.5042658607787509 -1
Procavia_capensis 3600.0 500.0 14.8 2067.653 0.0033493525284084952 0.2750426863972681 0.4231836684346861 0.0058
Propithecus_coquereli 4698.333333333333 1246.6666666666667 25.25 3921.209791666666 -1 -1 0.5125611611364664 -1
Psammomys_obesus 212.0 100.0 3.2 438.95199999999994 -1 -1 0.44014431972369555 -1
Pteronura_brasiliensis 24000.0 730.0 17.3 2562.45925 0.0005612528513101651 0.3442622950819672 0.5263147074544632 0.0011
Pteropus_alecto 564.4142857142857 481.6666666666667 21.615384615384617 2771.2222435897434 -1 -1 0.5227169935446734 -1
Pteropus_vampyrus 564.4142857142857 481.6666666666667 21.615384615384617 2771.2222435897434 -1 -1 -1 -1
Puma_concolor 35000.0 857.5 21.200000000000003 3103.0570000000002 -1 -1 0.46464989104066445 -1
Pygathrix_nemaeus 11476.666666666666 1460.0 27.75 4399.349375 0.0009065636260671009 0.395671834625323 0.39909954360429256 0.0019
Rangifer_tarandus 101250.0 662.0 21.7 2960.51825 0.001579343451133929 0.32566666666666666 0.48476625138768964 0.0030
Rattus_norvegicus 186.25 91.5 4.725 591.9838124999999 -1 -1 0.5114407302331319 -1
Rhinolophus_sinicus 12.425 653.3333333333334 25.85 3391.429958333333 -1 -1 0.5269828543234242 -1
Rhinopithecus_bieti -1 -1 -1 -1 -1 -1 0.49865342707947863 -1
Rhinopithecus_roxellana -1 -1 -1 -1 -1 -1 -1 -1
Rousettus_aegyptiacus 112.08333333333333 257.5 18.53333333333333 2220.5969999999998 0.0015923558834569278 0.271256345177665 0.5036285514575881 0.0025
Saguinus_imperator 502.34000000000003 590.2857142857143 21.12 2827.3689142857143 0.001237950103872534 0.3951866846603689 0.4330414045475104 0.0031
Saimiri_boliviensis 776.1666666666666 1003.0 30.25 4207.155624999999 -1 -1 0.5137535463179967 -1
Scalopus_aquaticus 90.0 335.0 -1 -1 0.00029808586292308674 0.3999118165784833 0.5129003741622467 0.0008
Sigmodon_hispidus 185.0 40.0 5.2 590.7969999999999 9.815570731665907e-06 0.4864864864864864 0.44782286912544716 0.0004
Solenodon_paradoxus 1000.0 -1 12.1 -1 0.0006722807925649353 0.4159212880143112 0.5345997286295794 0.0010
Sorex_araneus 7.469230769230769 268.125 3.1 596.4847500000001 -1 -1 0.5419801817359483 -1
Spermophilus_dauricus 270.55454545454546 374.0 8.225 1245.2125624999999 -1 -1 0.47121828872168087 -1
Spilogale_gracilis 600.0 152.0 10.5 1264.18625 0.0006727804094913053 0.370548806032677 0.4232145059824843 0.0014
Suricata_suricatta 776.0 365.0 20.6 2547.0035 0.00243160791690928 0.3359598853868195 0.5252765100119239 0.0036
Sus_scrofa 91687.5 436.0 18.55 2400.8623749999997 -1 -1 0.44295053657333167 -1
Tapirus_indicus 237237.5 1095.0 33.15 4606.330875 0.0004597220928477938 0.4123429819770617 0.5108856543727642 0.0009
Tapirus_terrestris 237237.5 1095.0 33.15 4606.330875 0.0021126423550258356 0.354658993510469 -1 0.0035
Tonatia_saurophila -1 -1 -1 -1 0.002255245089601622 0.2894617819990954 0.5273426257144032 0.0030
Tragulus_javanicus 5175.0 152.0 15.35 1777.9103749999997 0.000793231458283424 0.667995839112344 0.4894741170182147 0.0047
Trichechus_manatus 401000.0 1187.0 48.0 6271.28 -1 -1 0.5202499897208174 -1
Tupaia_chinensis 164.1 90.0 11.825 1342.5335625 -1 -1 0.5354220632375314 -1
Tursiops_truncatus 200000.0 2831.0 51.6 8296.600999999999 -1 -1 0.38032975617778875 -1
Ursus_maritimus 252625.0 1355.0 39.25 5512.458125 -1 -1 0.5028987294930307 -1
Vicugna_pacos 50000.0 730.0 31.6 4077.151 -1 -1 0.5691994572591588 -1
Vulpes_lagopus 2827.8818181818183 332.7142857142857 16.1125 2039.3905669642857 0.0006578858931710337 0.28125 0.48808642736729574 0.0016
Xerus_inauris 594.0 365.0 10.9 1519.55525 0.000992705125777607 0.2840810419681621 0.4257740224497348 0.0017
Zalophus_californianus 180000.0 1095.0 35.7 4876.43325 0.0003930629188277138 0.3703465982028242 0.5059722050902512 0.0009
